Defined 3 models
Normalized confusion matrix
[[0.96774194 0.02217742 0.01008065 0.         0.         0.        ]
 [0.01061571 0.98938429 0.         0.         0.         0.        ]
 [0.0047619  0.0547619  0.94047619 0.         0.         0.        ]
 [0.         0.00814664 0.         0.92260692 0.06924644 0.        ]
 [0.         0.         0.         0.06954887 0.93045113 0.        ]
 [0.         0.         0.         0.         0.         1.        ]]
              precision    recall  f1-score   support

         1.0      0.986     0.968     0.977       496
         2.0      0.925     0.989     0.956       471
         3.0      0.988     0.940     0.963       420
         4.0      0.924     0.923     0.924       491
         5.0      0.936     0.930     0.933       532
         6.0      1.000     1.000     1.000       537

    accuracy                          0.959      2947
   macro avg      0.960     0.958     0.959      2947
weighted avg      0.960     0.959     0.959      2947
>sgd: 95.894. | 55.482672

Normalized confusion matrix
[[0.99395161 0.         0.00604839 0.         0.         0.        ]
 [0.05307856 0.9447983  0.00212314 0.         0.         0.        ]
 [0.00714286 0.02857143 0.96428571 0.         0.         0.        ]
 [0.         0.00610998 0.         0.87983707 0.11405295 0.        ]
 [0.0018797  0.         0.         0.02067669 0.97744361 0.        ]
 [0.         0.         0.         0.         0.         1.        ]]
              precision    recall  f1-score   support

         1.0      0.944     0.994     0.969       496
         2.0      0.967     0.945     0.956       471
         3.0      0.990     0.964     0.977       420
         4.0      0.975     0.880     0.925       491
         5.0      0.903     0.977     0.939       532
         6.0      1.000     1.000     1.000       537

    accuracy                          0.961      2947
   macro avg      0.963     0.960     0.961      2947
weighted avg      0.962     0.961     0.961      2947
>log_reg: 96.098. | 100.141383

Normalized confusion matrix
[[0.9858871  0.00806452 0.00604839 0.         0.         0.        ]
 [0.04883227 0.94904459 0.00212314 0.         0.         0.        ]
 [0.01666667 0.04285714 0.94047619 0.         0.         0.        ]
 [0.         0.00407332 0.         0.89409369 0.10183299 0.        ]
 [0.         0.         0.         0.03007519 0.96992481 0.        ]
 [0.         0.         0.         0.         0.         1.        ]]
              precision    recall  f1-score   support

         1.0      0.942     0.986     0.964       496
         2.0      0.949     0.949     0.949       471
         3.0      0.990     0.940     0.965       420
         4.0      0.965     0.894     0.928       491
         5.0      0.912     0.970     0.940       532
         6.0      1.000     1.000     1.000       537

    accuracy                          0.958      2947
   macro avg      0.960     0.957     0.958      2947
weighted avg      0.959     0.958     0.958      2947
>svm: 95.792. | 55.387736

log_reg 96.09772650152698
sgd 95.89412962334578
svm 95.79233118425518